nan nan
-155.823399	20.272549
-155.818118	20.270202
-155.812251	20.268735
-155.807264	20.266095
-155.802277	20.263748
-155.796117	20.261988
-155.79113	20.259641
-155.785263	20.258174
-155.780276	20.255534
-155.774409	20.253774
-155.769128	20.251427
-155.763261	20.249667
-155.758274	20.247613
-155.752114	20.245853
-155.747127	20.243213
-155.74214	20.240866
-155.737153	20.238519
-155.732752	20.235586
-155.728352	20.232359
-155.725712	20.227959
-155.725418	20.221798
-155.725125	20.215638
-155.724538	20.210651
-155.720138	20.207424
-155.716618	20.203904
-155.711631	20.201263
-155.706644	20.19921
-155.701363	20.19657
-155.695496	20.195103
-155.690509	20.192756
-155.685229	20.190409
-155.681122	20.187182
-155.676135	20.185129
-155.670854	20.182489
-155.664987	20.180729
-155.66	20.178382
-155.655013	20.176035
-155.649733	20.173688
-155.646506	20.169875
-155.641812	20.166941
-155.638292	20.163421
-155.634185	20.160194
-155.629198	20.157847
-155.623918	20.1555
-155.618051	20.154033
-155.612184	20.15198
-155.607197	20.149633
-155.603676	20.145819
-155.599569	20.143179
-155.595756	20.139072
-155.592235	20.137019
-155.587248	20.134672
-155.582848	20.131738
-155.577861	20.129098
-155.571994	20.127631
-155.5673	20.128512
-155.56202	20.130565
-155.55762	20.132912
-155.552633	20.135552
-155.546766	20.136725
-155.540605	20.137899
-155.534738	20.137606
-155.530338	20.134379
-155.526231	20.131445
-155.522417	20.127631
-155.51831	20.124698
-155.51479	20.120884
-155.509803	20.118537
-155.504816	20.116191
-155.499536	20.113844
-155.494548	20.111497
-155.488681	20.109737
-155.482814	20.107977
-155.476947	20.106217
-155.46932	20.105923
-155.462866	20.10475
-155.455239	20.104456
-155.448492	20.103283
-155.442038	20.10211
-155.435291	20.10123
-155.429424	20.099469
-155.425317	20.096243
-155.420917	20.093309
-155.41681	20.090375
-155.411529	20.087149
-155.406249	20.085095
-155.402142	20.081868
-155.397742	20.078935
-155.392755	20.076294
-155.386887	20.074828
-155.38102	20.073068
-155.375153	20.071307
-155.369873	20.070134
-155.364592	20.069254
-155.358139	20.068374
-155.352272	20.066614
-155.346405	20.064854
-155.341417	20.062507
-155.336137	20.059867
-155.33203	20.056933
-155.327043	20.054586
-155.322056	20.052239
-155.316776	20.049893
-155.312375	20.046959
-155.307975	20.044025
-155.302988	20.040799
-155.298881	20.037865
-155.293601	20.035225
-155.289494	20.032291
-155.284507	20.029944
-155.280106	20.027011
-155.275119	20.024371
-155.269252	20.022904
-155.264265	20.020264
-155.258985	20.017917
-155.253118	20.01645
-155.247251	20.014397
-155.241384	20.012637
-155.235517	20.01117
-155.229649	20.00941
-155.224662	20.007063
-155.218502	20.005303
-155.213515	20.002663
-155.208528	20.000609
-155.203248	19.997969
-155.199141	19.995035
-155.195034	19.991808
-155.189753	19.989755
-155.185646	19.986528
-155.181246	19.983594
-155.176846	19.980661
-155.173325	19.976554
-155.169218	19.97362
-155.165698	19.9701
-155.162178	19.966287
-155.158658	19.962473
-155.156018	19.958366
-155.152497	19.954552
-155.148977	19.950739
-155.146043	19.948685
-155.142817	19.944872
-155.139296	19.941058
-155.136363	19.936951
-155.133136	19.933138
-155.129322	19.929324
-155.126682	19.924924
-155.123455	19.921403
-155.119642	19.917883
-155.116121	19.913776
-155.113481	19.909669
-155.110841	19.905269
-155.108201	19.900869
-155.104387	19.897348
-155.10028	19.894121
-155.09676	19.890308
-155.09236	19.887374
-155.088253	19.884441
-155.084732	19.880627
-155.081799	19.87652
-155.080332	19.87124
-155.078279	19.866253
-155.076812	19.860679
-155.075932	19.855105
-155.075638	19.848651
-155.075345	19.842198
-155.075052	19.835744
-155.074465	19.829583
-155.075052	19.822543
-155.074758	19.816089
-155.074172	19.809929
-155.072998	19.804062
-155.071531	19.798488
-155.070358	19.792914
-155.069771	19.78646
-155.070358	19.77942
-155.070651	19.772379
-155.071825	19.766512
-155.072998	19.760058
-155.074172	19.753898
-155.075345	19.747444
-155.075638	19.74187
-155.072998	19.73747
-155.067718	19.735417
-155.060384	19.73483
-155.053637	19.735123
-155.047476	19.736003
-155.041609	19.737177
-155.035449	19.73835
-155.029582	19.739524
-155.023715	19.740697
-155.017554	19.741284
-155.012274	19.743337
-155.0067	19.745097
-155.000833	19.745977
-154.994086	19.746271
-154.987632	19.745391
-154.982938	19.742164
-154.980592	19.738057
-154.977658	19.733657
-154.975898	19.72867
-154.974725	19.723096
-154.973551	19.717229
-154.972378	19.711655
-154.972084	19.705201
-154.971791	19.698747
-154.971498	19.692587
-154.971204	19.686133
-154.970911	19.679973
-154.970324	19.673519
-154.970031	19.667358
-154.969737	19.660905
-154.968564	19.655331
-154.966804	19.650344
-154.962404	19.647117
-154.958003	19.644183
-154.953016	19.641543
-154.948029	19.639196
-154.942162	19.637436
-154.937762	19.634503
-154.935415	19.630396
-154.934828	19.626582
-154.933655	19.620715
-154.930721	19.615728
-154.930135	19.613088
-154.923974	19.609861
-154.920747	19.607514
-154.918107	19.606047
-154.91224	19.604581
-154.906373	19.602527
-154.900506	19.600767
-154.895519	19.59842
-154.890532	19.596073
-154.885251	19.593726
-154.881144	19.5905
-154.877037	19.587566
-154.872637	19.584339
-154.868237	19.581406
-154.863837	19.578472
-154.85973	19.575245
-154.854743	19.573192
-154.849756	19.570551
-154.844475	19.567911
-154.839488	19.565858
-154.835381	19.562924
-154.830687	19.559697
-154.827461	19.555884
-154.82306	19.552657
-154.818953	19.549723
-154.813086	19.547963
-154.807219	19.546496
-154.801352	19.544736
-154.796365	19.542096
-154.792845	19.538576
-154.792551	19.532122
-154.793138	19.525375
-154.794605	19.519801
-154.797538	19.515108
-154.799885	19.510414
-154.803112	19.506014
-154.805459	19.50132
-154.808099	19.496626
-154.809859	19.491052
-154.811913	19.485479
-154.813966	19.479905
-154.816313	19.475211
-154.81954	19.471398
-154.822767	19.467291
-154.825994	19.463477
-154.828634	19.45849
-154.831568	19.45673
-154.835675	19.45321
-154.840955	19.45145
-154.845649	19.448809
-154.850342	19.446463
-154.854743	19.443822
-154.859436	19.441476
-154.86413	19.438835
-154.86853	19.436195
-154.873811	19.434435
-154.877918	19.431208
-154.882611	19.428568
-154.887305	19.426221
-154.892585	19.424168
-154.897279	19.421527
-154.902559	19.420061
-154.907253	19.417127
-154.911653	19.41478
-154.915467	19.411553
-154.919574	19.408327
-154.922801	19.406273
-154.923681	19.403633
-154.927494	19.400406
-154.930721	19.396006
-154.933948	19.392192
-154.937175	19.388378
-154.940989	19.384858
-154.945096	19.381631
-154.949789	19.379284
-154.953603	19.375764
-154.957417	19.372537
-154.96211	19.369897
-154.966804	19.36755
-154.971498	19.36491
-154.976191	19.36227
-154.979125	19.358456
-154.982645	19.354056
-154.985872	19.350242
-154.988219	19.345549
-154.990566	19.342908
-154.993793	19.338802
-154.9979	19.335575
-155.001713	19.332348
-155.005527	19.328827
-155.0111	19.327361
-155.017848	19.326774
-155.023715	19.325894
-155.030462	19.325307
-155.037209	19.325014
-155.043956	19.324721
-155.050117	19.323547
-155.05657	19.323254
-155.061851	19.321787
-155.067131	19.319733
-155.072412	19.317973
-155.076518	19.314746
-155.080332	19.31152
-155.084439	19.307999
-155.088839	19.305652
-155.093533	19.303012
-155.098227	19.300372
-155.103507	19.298612
-155.108201	19.295972
-155.114068	19.295092
-155.119348	19.293038
-155.124629	19.291278
-155.129909	19.289518
-155.134603	19.286878
-155.139883	19.285411
-155.145163	19.283358
-155.150444	19.281597
-155.156018	19.279837
-155.161885	19.278664
-155.167165	19.276904
-155.173325	19.27573
-155.180073	19.275437
-155.185353	19.273677
-155.191513	19.272797
-155.198847	19.27309
-155.206181	19.273383
-155.212635	19.274557
-155.218502	19.276024
-155.223489	19.278664
-155.228769	19.281011
-155.233756	19.283358
-155.240504	19.284531
-155.247837	19.285118
-155.252531	19.283651
-155.258398	19.282477
-155.264559	19.281597
-155.269839	19.279837
-155.275706	19.278664
-155.281573	19.27749
-155.286854	19.27573
-155.292427	19.27397
-155.296828	19.27133
-155.300935	19.268103
-155.305042	19.264876
-155.309442	19.262236
-155.313255	19.259302
-155.317362	19.255489
-155.319416	19.255196
-155.322643	19.251089
-155.32675	19.247862
-155.330563	19.244341
-155.334377	19.241115
-155.337897	19.237301
-155.341711	19.233781
-155.344938	19.229674
-155.348165	19.22586
-155.351392	19.222046
-155.355205	19.218526
-155.359899	19.216179
-155.365766	19.215006
-155.371046	19.212952
-155.377207	19.212072
-155.382487	19.210312
-155.386301	19.207085
-155.390408	19.203565
-155.394221	19.200338
-155.398328	19.196818
-155.402729	19.194471
-155.402729	19.193004
-155.406836	19.187724
-155.410942	19.184497
-155.413876	19.18303
-155.41769	19.179803
-155.421797	19.176577
-155.42649	19.173936
-155.430304	19.170416
-155.434117	19.167483
-155.437931	19.164256
-155.442038	19.160735
-155.445852	19.157509
-155.449665	19.154282
-155.453186	19.151641
-155.458466	19.149588
-155.463746	19.148121
-155.469613	19.146948
-155.47548	19.145774
-155.481641	19.144601
-155.486041	19.142254
-155.490442	19.143134
-155.493082	19.139614
-155.497482	19.141374
-155.498362	19.137854
-155.502176	19.134334
-155.506869	19.131987
-155.510976	19.128466
-155.51391	19.126706
-155.518604	19.124066
-155.522417	19.120839
-155.526524	19.117612
-155.530338	19.114385
-155.534151	19.111159
-155.537378	19.107052
-155.540605	19.102945
-155.542952	19.097958
-155.545592	19.093264
-155.547939	19.08857
-155.549992	19.082996
-155.551166	19.076836
-155.552339	19.070676
-155.552633	19.063635
-155.552926	19.056595
-155.553219	19.049847
-155.553806	19.042514
-155.557033	19.0387
-155.56026	19.0343
-155.564073	19.031073
-155.56818	19.028139
-155.571407	19.024032
-155.573754	19.019045
-155.576394	19.014352
-155.578154	19.008778
-155.580501	19.004084
-155.583142	18.999097
-155.585488	18.994403
-155.588422	18.98971
-155.591355	18.985896
-155.595169	18.982376
-155.599863	18.979736
-155.605143	18.977976
-155.609837	18.975629
-155.613064	18.971522
-155.616291	18.967415
-155.619517	18.963308
-155.622744	18.959201
-155.625971	18.955387
-155.629785	18.951867
-155.633598	18.94864
-155.638292	18.946
-155.642106	18.942773
-155.645333	18.938959
-155.64944	18.935439
-155.652373	18.931332
-155.655893	18.927225
-155.660294	18.924585
-155.666454	18.923998
-155.669974	18.926052
-155.670268	18.932506
-155.670561	18.938666
-155.671148	18.94512
-155.673201	18.950107
-155.674668	18.955094
-155.677602	18.959494
-155.681122	18.963015
-155.686109	18.965655
-155.690216	18.968588
-155.695496	18.970935
-155.699603	18.973869
-155.704004	18.976802
-155.707524	18.979149
-155.712511	18.981789
-155.709577	18.980029
-155.713391	18.982376
-155.717498	18.985309
-155.722485	18.987656
-155.727765	18.990297
-155.732752	18.992643
-155.738619	18.99411
-155.743606	18.99675
-155.748593	18.998804
-155.752994	19.002031
-155.757101	19.004964
-155.761501	19.008191
-155.767368	19.009658
-155.773235	19.011418
-155.777635	19.014352
-155.781156	19.018165
-155.784383	19.021979
-155.787903	19.025499
-155.791423	19.029313
-155.79641	19.031659
-155.803744	19.031953
-155.809904	19.030779
-155.816652	19.030486
-155.823399	19.030193
-155.830439	19.030486
-155.83748	19.030193
-155.844227	19.029899
-155.850974	19.029606
-155.856548	19.031366
-155.859481	19.032833
-155.862122	19.037233
-155.861535	19.036353
-155.866815	19.043687
-155.867402	19.050141
-155.869455	19.055128
-155.871802	19.059528
-155.875616	19.063048
-155.879723	19.065982
-155.883243	19.070089
-155.887643	19.072729
-155.891164	19.076543
-155.894684	19.080356
-155.897911	19.083877
-155.900844	19.088277
-155.902018	19.093851
-155.903191	19.099718
-155.904071	19.105291
-155.904658	19.111745
-155.904951	19.118199
-155.905245	19.124359
-155.905831	19.13052
-155.906125	19.136974
-155.906711	19.143428
-155.907885	19.149001
-155.908178	19.155162
-155.908472	19.161615
-155.908178	19.168656
-155.907591	19.175696
-155.905831	19.181857
-155.903778	19.187431
-155.902311	19.193004
-155.901138	19.199165
-155.900551	19.206205
-155.900258	19.212952
-155.899084	19.219406
-155.897911	19.22586
-155.897031	19.232021
-155.895857	19.238474
-155.894684	19.244341
-155.89351	19.250795
-155.89263	19.256956
-155.891457	19.263409
-155.890284	19.26957
-155.88999	19.276317
-155.888817	19.282771
-155.88823	19.289811
-155.887937	19.296558
-155.887057	19.303012
-155.88647	19.310053
-155.885297	19.316213
-155.885003	19.323254
-155.88295	19.328827
-155.88207	19.334988
-155.880896	19.341442
-155.879723	19.347602
-155.878549	19.353763
-155.878256	19.360803
-155.878549	19.367257
-155.880603	19.372244
-155.883243	19.376351
-155.886177	19.380751
-155.889403	19.384565
-155.892337	19.388965
-155.894977	19.393072
-155.897911	19.397472
-155.900551	19.401873
-155.902311	19.40686
-155.904071	19.411847
-155.906125	19.416834
-155.908178	19.421821
-155.909352	19.427395
-155.911405	19.432382
-155.912578	19.438249
-155.913752	19.443822
-155.914632	19.449689
-155.915805	19.455263
-155.916392	19.461717
-155.916685	19.468171
-155.916392	19.474918
-155.914339	19.480492
-155.914632	19.486945
-155.919032	19.489586
-155.925779	19.489586
-155.931647	19.489586
-155.936927	19.492226
-155.93898	19.497213
-155.940447	19.5022
-155.941914	19.507774
-155.943087	19.512174
-155.945141	19.517161
-155.946901	19.522148
-155.948954	19.527135
-155.950715	19.532122
-155.953648	19.536522
-155.951595	19.541803
-155.950128	19.547376
-155.949835	19.554417
-155.951301	19.559404
-155.955115	19.563218
-155.956875	19.568205
-155.958928	19.573192
-155.960102	19.578765
-155.960689	19.585219
-155.961569	19.590793
-155.962742	19.59666
-155.964796	19.601647
-155.966556	19.606634
-155.968609	19.611621
-155.970663	19.616608
-155.972423	19.621595
-155.974476	19.626582
-155.97653	19.631569
-155.97829	19.636556
-155.980343	19.641543
-155.983864	19.645357
-155.987091	19.64917
-155.990904	19.652691
-155.995891	19.655038
-156.000291	19.657971
-156.004398	19.661198
-156.009385	19.663545
-156.013786	19.666772
-156.017306	19.670292
-156.018479	19.675866
-156.019653	19.681733
-156.020826	19.687307
-156.02288	19.692294
-156.0264	19.695814
-156.029627	19.699627
-156.034027	19.702854
-156.037547	19.706375
-156.039308	19.711362
-156.041361	19.716349
-156.043708	19.721336
-156.045175	19.726323
-156.048108	19.730723
-156.049868	19.73571
-156.049868	19.742751
-156.047815	19.748324
-156.046641	19.754485
-156.046348	19.761525
-156.046055	19.768566
-156.044295	19.774139
-156.041654	19.778833
-156.039308	19.783527
-156.036667	19.78822
-156.033441	19.792621
-156.029334	19.795848
-156.0264	19.799661
-156.021706	19.802301
-156.017013	19.804942
-156.011732	19.806702
-156.006452	19.808755
-156.001172	19.810515
-155.995891	19.812276
-155.991197	19.814622
-155.987091	19.818143
-155.984744	19.822836
-155.98269	19.82841
-155.980343	19.833397
-155.978583	19.838677
-155.976236	19.843664
-155.973596	19.848358
-155.969783	19.851585
-155.964502	19.851878
-155.959222	19.853932
-155.953648	19.855692
-155.947781	19.856572
-155.940741	19.857159
-155.934873	19.858332
-155.929006	19.859506
-155.926366	19.862732
-155.922846	19.861559
-155.919032	19.865079
-155.918739	19.867719
-155.917566	19.874173
-155.914339	19.877987
-155.910232	19.881507
-155.907885	19.886494
-155.904658	19.890308
-155.901431	19.894415
-155.898791	19.899108
-155.897324	19.904682
-155.893804	19.908496
-155.891457	19.913189
-155.890577	19.916416
-155.887937	19.92111
-155.886177	19.926684
-155.883536	19.931377
-155.88119	19.936071
-155.878549	19.940765
-155.875322	19.944872
-155.870922	19.947512
-155.866229	19.949859
-155.862122	19.953379
-155.859775	19.958073
-155.857135	19.96306
-155.853908	19.966873
-155.850094	19.970394
-155.8454	19.97274
-155.840707	19.975381
-155.836013	19.978021
-155.831319	19.980661
-155.827506	19.983888
-155.823692	19.987115
-155.819585	19.990342
-155.816358	19.994449
-155.814011	19.999142
-155.812251	20.004716
-155.810198	20.01029
-155.809024	20.01645
-155.809024	20.023491
-155.809024	20.029944
-155.810491	20.034051
-155.813131	20.038745
-155.815772	20.042852
-155.818705	20.047252
-155.822225	20.050773
-155.816652	20.054586
-155.822812	20.050773
-155.825452	20.055173
-155.830146	20.0584
-155.833373	20.06192
-155.836893	20.06632
-155.840413	20.070134
-155.843934	20.073654
-155.847454	20.077468
-155.849507	20.080401
-155.853908	20.083335
-155.856548	20.087735
-155.858601	20.090669
-155.861535	20.095069
-155.864175	20.099176
-155.867402	20.10299
-155.870335	20.107097
-155.872976	20.11179
-155.875909	20.116191
-155.878256	20.122058
-155.879723	20.124698
-155.880896	20.130272
-155.882656	20.135259
-155.88471	20.140246
-155.886177	20.146113
-155.887937	20.1511
-155.88999	20.156087
-155.892924	20.160194
-155.893804	20.166061
-155.894977	20.171635
-155.895271	20.178088
-155.894977	20.185129
-155.893804	20.191289
-155.892924	20.19745
-155.89175	20.203904
-155.890577	20.210064
-155.889403	20.216518
-155.887643	20.221798
-155.88647	20.227959
-155.88383	20.232652
-155.88207	20.238226
-155.88119	20.243213
-155.878549	20.246733
-155.876203	20.251427
-155.873562	20.256121
-155.871216	20.261108
-155.867695	20.264921
-155.864468	20.269028
-155.860068	20.271668
-155.856254	20.274895
-155.851267	20.277536
-155.844814	20.277829
-155.841587	20.277829
-155.838653	20.276949
-155.832786	20.275189
-155.830146	20.274309
-155.823399	20.272549
nan nan
-156.269884	20.939343
-156.26343	20.938463
-156.256683	20.93729
-156.250523	20.938463
-156.244362	20.939343
-156.237028	20.93905
-156.232041	20.936703
-156.228228	20.933183
-156.226468	20.928196
-156.223534	20.923795
-156.221774	20.918808
-156.216787	20.916461
-156.212973	20.912648
-156.209453	20.909128
-156.206813	20.904727
-156.202999	20.901207
-156.199772	20.8971
-156.196252	20.89358
-156.191559	20.890646
-156.187452	20.887419
-156.183051	20.884779
-156.177184	20.884486
-156.171024	20.885659
-156.165157	20.883606
-156.161636	20.880085
-156.156356	20.877739
-156.151369	20.875392
-156.144622	20.875979
-156.138755	20.876565
-156.132888	20.875098
-156.129954	20.870698
-156.128487	20.865124
-156.128194	20.858964
-156.127314	20.853097
-156.12438	20.84899
-156.12086	20.844883
-156.11646	20.841949
-156.111473	20.839603
-156.104726	20.839896
-156.097685	20.840189
-156.091231	20.840776
-156.084484	20.839603
-156.080084	20.836669
-156.075097	20.834322
-156.070697	20.831389
-156.065416	20.828748
-156.061016	20.825815
-156.056909	20.823175
-156.051628	20.820535
-156.047522	20.817601
-156.042534	20.815254
-156.035494	20.814081
-156.029627	20.812614
-156.02464	20.809974
-156.02024	20.80704
-156.016133	20.803813
-156.010852	20.80088
-156.006745	20.797946
-156.002345	20.795013
-155.999411	20.790612
-155.996184	20.786799
-155.993251	20.782398
-155.991491	20.777411
-155.989437	20.772424
-155.987384	20.767437
-155.987091	20.760984
-155.987384	20.754236
-155.988557	20.748076
-155.991197	20.743382
-155.992664	20.737809
-155.994718	20.732235
-155.997358	20.727248
-155.999118	20.721967
-156.001758	20.717274
-156.004692	20.713167
-156.007919	20.708767
-156.012026	20.70554
-156.015839	20.702606
-156.019946	20.699086
-156.02376	20.695859
-156.027867	20.692632
-156.03168	20.689112
-156.034907	20.685005
-156.038134	20.681191
-156.041948	20.677671
-156.045175	20.673857
-156.049282	20.67063
-156.053095	20.66711
-156.057789	20.66447
-156.061603	20.661243
-156.066883	20.659483
-156.071577	20.656843
-156.076857	20.655083
-156.082431	20.653323
-156.087711	20.651269
-156.092991	20.649509
-156.097685	20.646869
-156.103846	20.645695
-156.109126	20.643935
-156.115286	20.643055
-156.120567	20.641002
-156.125847	20.639242
-156.129074	20.635135
-156.132594	20.631028
-156.137875	20.629561
-156.144328	20.628974
-156.151956	20.629561
-156.158703	20.630148
-156.16457	20.631908
-156.16985	20.634548
-156.175424	20.636015
-156.182171	20.637188
-156.188918	20.638068
-156.196252	20.638655
-156.202413	20.637481
-156.207693	20.635428
-156.212387	20.633081
-156.21708	20.630441
-156.221774	20.627801
-156.226468	20.625161
-156.230281	20.621934
-156.234975	20.619587
-156.238789	20.616067
-156.243482	20.61372
-156.248176	20.61108
-156.25287	20.608439
-156.25815	20.606679
-156.262844	20.604039
-156.267537	20.601399
-156.272818	20.599639
-156.278098	20.597879
-156.283378	20.595825
-156.288072	20.593478
-156.292766	20.590838
-156.298046	20.588785
-156.303327	20.587318
-156.310074	20.588198
-156.315354	20.590545
-156.319461	20.593478
-156.325621	20.595238
-156.332075	20.596118
-156.339409	20.596705
-156.344983	20.594652
-156.349383	20.592305
-156.354077	20.589665
-156.358771	20.587024
-156.363464	20.584384
-156.368745	20.582624
-156.374025	20.580864
-156.381652	20.581157
-156.388399	20.582331
-156.394266	20.583798
-156.40072	20.584971
-156.407467	20.585851
-156.414215	20.587024
-156.420082	20.588491
-156.423602	20.592305
-156.425655	20.597292
-156.428296	20.601692
-156.433576	20.603746
-156.438563	20.606386
-156.442963	20.609319
-156.445017	20.614306
-156.44443	20.621347
-156.445017	20.627801
-156.44619	20.633374
-156.44795	20.638361
-156.451764	20.641882
-156.452644	20.647749
-156.450297	20.652442
-156.448244	20.658016
-156.44795	20.665057
-156.447657	20.671804
-156.44795	20.678258
-156.447657	20.685298
-156.447364	20.692339
-156.44707	20.699086
-156.447364	20.70554
-156.44707	20.71258
-156.447364	20.719034
-156.448537	20.724314
-156.45059	20.729595
-156.451764	20.735168
-156.454404	20.739862
-156.456458	20.744556
-156.459098	20.748956
-156.462911	20.752476
-156.465552	20.756877
-156.468192	20.761277
-156.469365	20.766851
-156.469658	20.773304
-156.470245	20.779758
-156.470539	20.785919
-156.473472	20.790906
-156.476992	20.794719
-156.481099	20.797653
-156.48726	20.799413
-156.4943	20.799706
-156.501341	20.799413
-156.506621	20.79736
-156.511902	20.795599
-156.517475	20.793839
-156.521876	20.791199
-156.526569	20.788559
-156.531263	20.786212
-156.53713	20.786505
-156.54241	20.788559
-156.547397	20.791199
-156.552678	20.793253
-156.557665	20.795893
-156.563532	20.79736
-156.570279	20.79824
-156.576439	20.800293
-156.581427	20.80264
-156.586414	20.804693
-156.590814	20.80792
-156.594334	20.811441
-156.598734	20.814374
-156.602255	20.818188
-156.606655	20.819654
-156.612815	20.819948
-156.619563	20.821121
-156.626896	20.821415
-156.631883	20.823761
-156.636284	20.826988
-156.640684	20.829629
-156.641858	20.835496
-156.643911	20.840483
-156.645084	20.846056
-156.647725	20.850457
-156.651245	20.85427
-156.654765	20.857791
-156.658285	20.861311
-156.661806	20.865418
-156.665619	20.868938
-156.669139	20.872458
-156.673246	20.875685
-156.678527	20.877739
-156.683514	20.880379
-156.687327	20.883899
-156.689968	20.888299
-156.692021	20.893286
-156.693781	20.898273
-156.695835	20.90326
-156.697888	20.908248
-156.699942	20.913235
-156.701995	20.918222
-156.702289	20.924382
-156.701115	20.930836
-156.699355	20.934943
-156.697595	20.940517
-156.697301	20.947557
-156.694661	20.952251
-156.692314	20.956944
-156.688794	20.961051
-156.686447	20.965745
-156.683807	20.970439
-156.68146	20.975426
-156.67882	20.980413
-156.676473	20.985106
-156.673833	20.9898
-156.671486	20.994494
-156.668846	20.999481
-156.666499	21.004174
-156.663859	21.008868
-156.661512	21.013562
-156.655352	21.014735
-156.649485	21.012975
-156.643324	21.012682
-156.641564	21.018255
-156.641858	21.024709
-156.640391	21.030283
-156.637751	21.034977
-156.63159	21.034683
-156.625136	21.03351
-156.618976	21.034683
-156.614282	21.037617
-156.610175	21.040844
-156.607242	21.044657
-156.604015	21.048764
-156.599908	21.052285
-156.594041	21.050524
-156.59052	21.046711
-156.588467	21.041724
-156.584947	21.03791
-156.57996	21.035857
-156.575559	21.032923
-156.571159	21.029696
-156.568226	21.025296
-156.564705	21.021776
-156.561478	21.017962
-156.557078	21.015029
-156.552384	21.011802
-156.548277	21.009161
-156.543877	21.006228
-156.53977	21.003001
-156.53537	21.000067
-156.53097	20.996841
-156.526569	20.993907
-156.523049	20.990387
-156.519529	20.986573
-156.516595	20.982173
-156.513955	20.978066
-156.511021	20.973666
-156.509261	20.968679
-156.507208	20.963691
-156.505154	20.958704
-156.503394	20.953717
-156.500461	20.949024
-156.498701	20.944037
-156.496647	20.93905
-156.494594	20.934063
-156.491953	20.929956
-156.489313	20.924969
-156.48726	20.919688
-156.485206	20.914995
-156.483446	20.910008
-156.481393	20.905021
-156.478752	20.90062
-156.473472	20.89798
-156.467605	20.896807
-156.462325	20.898273
-156.456751	20.900327
-156.450884	20.9015
-156.44531	20.902967
-156.44091	20.905901
-156.436216	20.908248
-156.431522	20.910888
-156.427415	20.914115
-156.422722	20.916755
-156.415975	20.917342
-156.410401	20.915581
-156.40424	20.913528
-156.397493	20.912648
-156.389866	20.912354
-156.384586	20.914115
-156.379892	20.916755
-156.376078	20.919982
-156.372852	20.924089
-156.369625	20.928196
-156.366398	20.932303
-156.363464	20.936116
-156.35789	20.93817
-156.35261	20.93993
-156.34645	20.941103
-156.342049	20.943743
-156.336476	20.945504
-156.330315	20.946677
-156.323568	20.94697
-156.316234	20.946677
-156.309487	20.945504
-156.303327	20.946677
-156.297166	20.94785
-156.291886	20.94961
-156.285139	20.949904
-156.279271	20.948437
-156.274871	20.94521
-156.269884	20.939343
nan nan
-156.567639	20.605506
-156.563825	20.603452
-156.559425	20.600225
-156.554438	20.597879
-156.550038	20.594945
-156.547104	20.590545
-156.547691	20.583504
-156.549451	20.57793
-156.551504	20.572357
-156.553851	20.567663
-156.555025	20.561503
-156.556785	20.556222
-156.557078	20.548888
-156.555905	20.543315
-156.552091	20.539794
-156.546517	20.538034
-156.542997	20.534514
-156.54329	20.528647
-156.547104	20.52542
-156.554731	20.525713
-156.562065	20.526007
-156.567932	20.525127
-156.573506	20.523073
-156.578786	20.521313
-156.585533	20.520726
-156.590814	20.523367
-156.593454	20.527474
-156.596094	20.531874
-156.601375	20.532754
-156.604602	20.52894
-156.608708	20.52542
-156.613109	20.523073
-156.619269	20.5219
-156.625723	20.521313
-156.631883	20.52014
-156.638044	20.51926
-156.644791	20.518966
-156.650365	20.516913
-156.653298	20.513099
-156.657112	20.509579
-156.661806	20.506939
-156.669433	20.507525
-156.67442	20.509579
-156.677353	20.514273
-156.680874	20.517793
-156.684394	20.521313
-156.687914	20.525127
-156.693195	20.527474
-156.698768	20.529234
-156.698475	20.534807
-156.694661	20.538034
-156.693195	20.540968
-156.689674	20.544781
-156.686741	20.548888
-156.682634	20.552702
-156.678527	20.556222
-156.674713	20.559449
-156.670313	20.562089
-156.666206	20.56561
-156.661806	20.567956
-156.655645	20.56913
-156.650951	20.57177
-156.645671	20.57353
-156.639511	20.574704
-156.63511	20.577344
-156.629537	20.579104
-156.62367	20.580277
-156.618976	20.582917
-156.613695	20.584678
-156.609002	20.587318
-156.604308	20.589665
-156.600201	20.593185
-156.597268	20.597292
-156.593454	20.600519
-156.589934	20.604332
-156.58524	20.607266
-156.578493	20.606092
-156.572039	20.606386
-156.567639	20.605506
nan nan
-156.914384	20.924675
-156.910277	20.922915
-156.904996	20.920862
-156.900596	20.917635
-156.895609	20.915288
-156.890329	20.912941
-156.886222	20.910008
-156.881528	20.907074
-156.877128	20.903847
-156.873901	20.89974
-156.870967	20.89534
-156.867447	20.891526
-156.864807	20.887126
-156.860993	20.883606
-156.856886	20.880085
-156.852486	20.876859
-156.848379	20.873925
-156.843979	20.870698
-156.839578	20.868058
-156.835178	20.865124
-156.830778	20.861017
-156.827257	20.857497
-156.823151	20.854564
-156.819337	20.85075
-156.815817	20.84723
-156.812296	20.84371
-156.809656	20.839309
-156.807603	20.834029
-156.805549	20.829042
-156.804376	20.823468
-156.806136	20.818188
-156.808483	20.813201
-156.812003	20.809094
-156.81523	20.804987
-156.817577	20.800293
-156.820804	20.796479
-156.824031	20.792079
-156.827257	20.787972
-156.830484	20.784159
-156.833125	20.779465
-156.836058	20.775358
-156.839578	20.771251
-156.843392	20.767731
-156.847206	20.764504
-156.852779	20.762744
-156.85806	20.76069
-156.86246	20.758343
-156.868034	20.75629
-156.873314	20.75453
-156.878595	20.75277
-156.882408	20.749543
-156.887102	20.746903
-156.892089	20.744262
-156.895902	20.740742
-156.900303	20.738395
-156.907343	20.737809
-156.912917	20.739862
-156.919664	20.740449
-156.927291	20.740742
-156.934625	20.741329
-156.942252	20.741622
-156.949586	20.741916
-156.956333	20.741622
-156.963961	20.741916
-156.968361	20.745142
-156.970414	20.75013
-156.973055	20.754236
-156.975108	20.759223
-156.977748	20.763624
-156.979802	20.768611
-156.982442	20.773011
-156.984495	20.777705
-156.986256	20.782985
-156.988016	20.783572
-156.988309	20.790026
-156.989482	20.795599
-156.989189	20.80264
-156.988016	20.8088
-156.986256	20.814374
-156.984495	20.819948
-156.983322	20.826108
-156.984789	20.831975
-156.985962	20.837549
-156.987722	20.842536
-156.990656	20.846936
-156.993296	20.851043
-156.996816	20.854857
-157.002097	20.857204
-157.007084	20.859551
-157.012364	20.861898
-157.017644	20.864244
-157.023218	20.865711
-157.028499	20.868351
-157.033486	20.870698
-157.038766	20.872752
-157.043753	20.875392
-157.049033	20.877445
-157.053434	20.880672
-157.056074	20.885073
-157.057247	20.890646
-157.056074	20.896807
-157.055781	20.903847
-157.055487	20.910888
-157.05226	20.914701
-157.048447	20.917928
-157.04434	20.919982
-157.038473	20.921155
-157.033192	20.922915
-157.027032	20.924089
-157.020285	20.924675
-157.014124	20.925849
-157.007377	20.926142
-157.00063	20.926729
-156.993296	20.926142
-156.985962	20.925849
-156.978335	20.925555
-156.970708	20.925262
-156.963374	20.924675
-156.956333	20.925262
-156.949586	20.925555
-156.944306	20.927609
-156.938439	20.928489
-156.931692	20.928782
-156.925531	20.928489
-156.919664	20.927022
-156.914384	20.924675
nan nan
-157.174589	21.203362
-157.167255	21.203069
-157.161388	21.201309
-157.155521	21.199842
-157.148481	21.198668
-157.142907	21.196908
-157.13704	21.195148
-157.129413	21.194855
-157.122079	21.194855
-157.115918	21.195735
-157.109758	21.196908
-157.102717	21.197495
-157.09597	21.197788
-157.089516	21.198082
-157.082476	21.198668
-157.075729	21.197495
-157.069275	21.196615
-157.062528	21.195441
-157.0549	21.195148
-157.049033	21.194855
-157.042286	21.195148
-157.034659	21.194855
-157.027912	21.193975
-157.022045	21.192215
-157.016178	21.190454
-157.010311	21.188988
-157.00503	21.186641
-156.999163	21.184881
-156.992416	21.184001
-156.986256	21.182241
-156.979802	21.18136
-156.974521	21.183121
-156.970414	21.186347
-156.968068	21.191041
-156.967774	21.198375
-156.968948	21.203949
-156.970121	21.209522
-156.966894	21.213629
-156.959854	21.212456
-156.954867	21.210403
-156.949586	21.208056
-156.946359	21.204242
-156.943719	21.200135
-156.942252	21.194268
-156.940199	21.189281
-156.938439	21.184294
-156.936385	21.179307
-156.934332	21.174027
-156.929932	21.171386
-156.924944	21.168746
-156.918784	21.167279
-156.91233	21.166106
-156.907343	21.163759
-156.901183	21.162292
-156.894436	21.161119
-156.888275	21.162292
-156.882115	21.163466
-156.876248	21.164639
-156.869501	21.164933
-156.862753	21.163759
-156.856006	21.163172
-156.849552	21.161999
-156.843685	21.160239
-156.836058	21.159946
-156.829311	21.160239
-156.823151	21.161412
-156.81699	21.162586
-156.81171	21.164346
-156.807016	21.166986
-156.803202	21.170213
-156.798215	21.172853
-156.794402	21.17608
-156.788241	21.177253
-156.784134	21.17432
-156.780614	21.170506
-156.774747	21.168746
-156.770053	21.170213
-156.764773	21.171973
-156.759493	21.174027
-156.753332	21.173733
-156.747465	21.171973
-156.743945	21.168453
-156.740425	21.164346
-156.735731	21.161706
-156.729864	21.159946
-156.72253	21.159359
-156.714903	21.159066
-156.707569	21.158772
-156.703755	21.158185
-156.706395	21.153198
-156.709622	21.149091
-156.712263	21.144398
-156.714609	21.139411
-156.717836	21.135597
-156.721063	21.13149
-156.724877	21.12797
-156.728397	21.124156
-156.731331	21.120049
-156.734851	21.115942
-156.737198	21.111249
-156.740425	21.107142
-156.743065	21.102155
-156.745412	21.097461
-156.748639	21.092767
-156.751865	21.088954
-156.755972	21.085434
-156.759786	21.082207
-156.76448	21.079566
-156.76976	21.077806
-156.77592	21.076633
-156.782081	21.07546
-156.788535	21.074873
-156.793815	21.073113
-156.799389	21.071353
-156.803789	21.069006
-156.808483	21.066072
-156.813763	21.064312
-156.81875	21.061672
-156.823444	21.059032
-156.828724	21.057272
-156.833418	21.054631
-156.838698	21.052871
-156.843979	21.051111
-156.849552	21.049058
-156.85542	21.048178
-156.861287	21.047004
-156.867447	21.045831
-156.875074	21.046124
-156.881528	21.047297
-156.888275	21.048178
-156.893556	21.050524
-156.899423	21.052285
-156.904703	21.054338
-156.91057	21.056098
-156.915851	21.058738
-156.921718	21.060205
-156.927585	21.061965
-156.934038	21.062845
-156.939319	21.065192
-156.945186	21.066952
-156.950173	21.069299
-156.956333	21.070766
-156.96132	21.073406
-156.967481	21.074873
-156.974228	21.075753
-156.979215	21.078393
-156.985376	21.07986
-156.991243	21.08162
-156.99623	21.083967
-157.00151	21.086314
-157.007084	21.088074
-157.011777	21.090714
-157.017644	21.092474
-157.022045	21.095701
-157.027032	21.098048
-157.032312	21.100395
-157.037299	21.102448
-157.043166	21.104208
-157.048447	21.105382
-157.054314	21.106848
-157.061061	21.107729
-157.067808	21.108902
-157.075142	21.109195
-157.082769	21.109489
-157.089516	21.109195
-157.09597	21.108902
-157.102131	21.107729
-157.107704	21.105968
-157.113571	21.104795
-157.119145	21.102741
-157.125306	21.101568
-157.132053	21.101275
-157.13792	21.100395
-157.1432	21.098341
-157.148481	21.096288
-157.154054	21.094821
-157.160801	21.094234
-157.168429	21.094528
-157.174882	21.095701
-157.18075	21.097168
-157.18691	21.098928
-157.193657	21.099808
-157.200404	21.100688
-157.207738	21.100981
-157.213899	21.100101
-157.219179	21.098341
-157.224459	21.096288
-157.230033	21.094528
-157.235313	21.092474
-157.240594	21.090714
-157.246754	21.089834
-157.252915	21.08866
-157.259369	21.088074
-157.266996	21.088367
-157.27433	21.088954
-157.28137	21.088367
-157.288704	21.08866
-157.294864	21.088954
-157.300145	21.091301
-157.303372	21.095114
-157.304838	21.100688
-157.303078	21.104795
-157.301025	21.110369
-157.299558	21.115942
-157.298385	21.12181
-157.297211	21.128263
-157.296038	21.134424
-157.294864	21.140878
-157.293398	21.146451
-157.289877	21.150265
-157.286944	21.154372
-157.28225	21.157012
-157.27785	21.159652
-157.272276	21.161412
-157.266996	21.163466
-157.262302	21.165813
-157.257902	21.168746
-157.254381	21.17256
-157.251448	21.176667
-157.247928	21.180774
-157.246168	21.186054
-157.244407	21.191921
-157.244114	21.198668
-157.245287	21.205416
-157.247928	21.209522
-157.251741	21.213043
-157.255848	21.215976
-157.259369	21.21979
-157.260835	21.22419
-157.257022	21.227417
-157.251155	21.225657
-157.245874	21.22331
-157.240007	21.22155
-157.23238	21.221257
-157.225633	21.22155
-157.220352	21.223603
-157.215659	21.226244
-157.210965	21.228884
-157.205098	21.230057
-157.199818	21.227417
-157.196884	21.22331
-157.195124	21.218323
-157.19219	21.213923
-157.18867	21.209816
-157.182803	21.208056
-157.174589	21.203362
nan nan
-157.967526	21.696784
-157.963126	21.695024
-157.957845	21.692677
-157.953445	21.689744
-157.948458	21.687397
-157.943764	21.684463
-157.940244	21.680943
-157.936724	21.676836
-157.932617	21.674196
-157.928803	21.670676
-157.926163	21.665982
-157.922643	21.662462
-157.920296	21.657475
-157.917362	21.653368
-157.915602	21.648381
-157.915016	21.641927
-157.915309	21.634886
-157.916482	21.628726
-157.915896	21.623739
-157.910029	21.622272
-157.905628	21.619045
-157.901228	21.616112
-157.898294	21.612005
-157.895654	21.607604
-157.892721	21.603204
-157.89008	21.598804
-157.888027	21.593817
-157.88656	21.588243
-157.88304	21.584429
-157.878933	21.581789
-157.876586	21.576802
-157.876293	21.570348
-157.875706	21.563895
-157.873946	21.558908
-157.870132	21.556561
-157.866319	21.560081
-157.861625	21.562721
-157.856345	21.560668
-157.851944	21.557441
-157.849304	21.55304
-157.846371	21.548934
-157.844317	21.543946
-157.843437	21.538079
-157.84109	21.532506
-157.841677	21.525465
-157.84109	21.519305
-157.840504	21.512851
-157.844904	21.514318
-157.850184	21.516665
-157.854878	21.514024
-157.855171	21.508744
-157.853118	21.503757
-157.850184	21.499063
-157.848424	21.494076
-157.846371	21.489089
-157.844904	21.483515
-157.844611	21.477355
-157.844024	21.471195
-157.838743	21.468554
-157.83229	21.467674
-157.825542	21.466794
-157.821142	21.463567
-157.816742	21.460927
-157.813222	21.456527
-157.811168	21.451246
-157.809115	21.446259
-157.807941	21.440979
-157.805888	21.435699
-157.800901	21.433645
-157.79474	21.434819
-157.790927	21.435405
-157.787993	21.430712
-157.783593	21.427778
-157.777726	21.426018
-157.772445	21.426605
-157.768925	21.427191
-157.764231	21.429832
-157.760418	21.433059
-157.756898	21.437165
-157.761298	21.440392
-157.766285	21.442446
-157.770979	21.445673
-157.775379	21.448606
-157.778899	21.452127
-157.779192	21.45858
-157.775966	21.462394
-157.771272	21.465328
-157.765992	21.465621
-157.761005	21.463274
-157.755724	21.461221
-157.750444	21.45858
-157.746337	21.45594
-157.740176	21.45418
-157.737243	21.457994
-157.734016	21.462101
-157.728736	21.464154
-157.721988	21.464447
-157.718468	21.460927
-157.718468	21.455353
-157.722575	21.451833
-157.726975	21.449193
-157.731669	21.446553
-157.734896	21.442446
-157.738123	21.438632
-157.738416	21.431592
-157.736363	21.426605
-157.733723	21.422204
-157.731669	21.417217
-157.730202	21.411644
-157.726095	21.40871
-157.719935	21.408417
-157.714068	21.406657
-157.708787	21.40431
-157.704387	21.401376
-157.702627	21.396389
-157.703507	21.390229
-157.706147	21.385242
-157.708494	21.380548
-157.708787	21.374974
-157.708201	21.368521
-157.706441	21.363534
-157.703507	21.359427
-157.699987	21.355026
-157.696467	21.351506
-157.692653	21.347692
-157.689426	21.344172
-157.685026	21.341239
-157.680625	21.338012
-157.676225	21.335078
-157.671825	21.332145
-157.669185	21.327744
-157.665664	21.324224
-157.659504	21.322464
-157.653637	21.322171
-157.64689	21.321291
-157.641609	21.318944
-157.639849	21.313957
-157.642196	21.309263
-157.644836	21.304569
-157.64865	21.301049
-157.653343	21.298702
-157.657744	21.295769
-157.661557	21.292542
-157.665664	21.289022
-157.670358	21.286675
-157.675052	21.284034
-157.681799	21.283741
-157.687079	21.284328
-157.69236	21.284034
-157.694706	21.279047
-157.695	21.2723
-157.698227	21.268193
-157.703507	21.26614
-157.708494	21.268487
-157.710841	21.273474
-157.712014	21.279047
-157.714655	21.283741
-157.719055	21.286381
-157.725802	21.287555
-157.731082	21.285501
-157.735776	21.283154
-157.74047	21.280221
-157.74575	21.278754
-157.750444	21.275821
-157.755137	21.273474
-157.760418	21.27142
-157.766285	21.270247
-157.773912	21.27054
-157.780073	21.269367
-157.785646	21.267607
-157.790047	21.264966
-157.79474	21.262326
-157.800021	21.260566
-157.806181	21.259393
-157.812928	21.258806
-157.816448	21.26262
-157.819969	21.26614
-157.824369	21.269073
-157.828183	21.272887
-157.832583	21.275821
-157.834343	21.280808
-157.836397	21.285795
-157.840797	21.287555
-157.847544	21.288435
-157.852824	21.290488
-157.856345	21.294302
-157.861332	21.296649
-157.868959	21.296942
-157.871599	21.301342
-157.870132	21.305156
-157.867786	21.30897
-157.866612	21.313663
-157.867786	21.319237
-157.873066	21.321584
-157.880693	21.321877
-157.884213	21.325691
-157.885387	21.331265
-157.889787	21.334198
-157.897121	21.334491
-157.902401	21.336838
-157.906802	21.334198
-157.910909	21.330971
-157.915016	21.327451
-157.919416	21.325104
-157.923229	21.321584
-157.928803	21.319824
-157.93555	21.319237
-157.941711	21.31953
-157.949045	21.319824
-157.955792	21.320704
-157.959899	21.323931
-157.963126	21.328038
-157.965766	21.332438
-157.966939	21.338012
-157.967526	21.344465
-157.965766	21.350039
-157.961659	21.353266
-157.956379	21.355026
-157.948751	21.354733
-157.944058	21.357373
-157.940244	21.360893
-157.938484	21.366467
-157.939657	21.372041
-157.942004	21.377028
-157.945524	21.380548
-157.949045	21.384068
-157.953445	21.387295
-157.959312	21.388762
-157.963419	21.385535
-157.964886	21.379961
-157.969579	21.381722
-157.97222	21.385828
-157.97662	21.388762
-157.98014	21.392576
-157.984834	21.392869
-157.987181	21.389055
-157.985421	21.384362
-157.981607	21.380841
-157.978087	21.377028
-157.975153	21.372921
-157.972513	21.368227
-157.970166	21.36324
-157.972806	21.358547
-157.979554	21.35972
-157.983954	21.36236
-157.989234	21.365
-157.994221	21.367347
-157.999502	21.369401
-158.003609	21.372628
-158.007129	21.376148
-158.011529	21.379081
-158.017396	21.380841
-158.02297	21.378788
-158.026197	21.374681
-158.023263	21.370574
-158.020623	21.366174
-158.01681	21.36236
-158.011236	21.360893
-158.006542	21.359133
-158.000675	21.357666
-157.993928	21.356786
-157.990994	21.352093
-157.988354	21.347986
-157.982194	21.346519
-157.978087	21.343292
-157.97574	21.338305
-157.97486	21.332731
-157.97486	21.325691
-157.976913	21.32041
-157.978673	21.314837
-157.978967	21.307796
-157.98014	21.301342
-157.985421	21.302516
-157.989528	21.305156
-157.993928	21.308383
-157.999208	21.310436
-158.004195	21.313077
-158.010942	21.313957
-158.01681	21.312783
-158.02297	21.31161
-158.02825	21.311023
-158.035878	21.311316
-158.042918	21.311023
-158.048785	21.310143
-158.054066	21.30809
-158.059346	21.306036
-158.064626	21.304276
-158.06932	21.301636
-158.0746	21.299582
-158.079587	21.297235
-158.084868	21.295182
-158.090735	21.294302
-158.097482	21.293715
-158.103642	21.295182
-158.107163	21.298996
-158.109216	21.303983
-158.11039	21.309556
-158.111563	21.315423
-158.11215	21.321584
-158.113323	21.327158
-158.11391	21.333611
-158.115083	21.339185
-158.116257	21.344759
-158.11919	21.349159
-158.121244	21.354146
-158.123004	21.359133
-158.125937	21.36324
-158.128871	21.36764
-158.130924	21.372921
-158.133565	21.377028
-158.136498	21.381428
-158.140018	21.384948
-158.144419	21.388175
-158.151166	21.388762
-158.1585	21.389055
-158.164367	21.390815
-158.16818	21.394336
-158.170234	21.399323
-158.171407	21.404897
-158.172874	21.410764
-158.174634	21.415751
-158.175808	21.421324
-158.178154	21.426311
-158.180795	21.430418
-158.183728	21.435112
-158.186368	21.439219
-158.189302	21.443619
-158.193702	21.446553
-158.198103	21.449486
-158.20309	21.451833
-158.20925	21.453593
-158.215117	21.45506
-158.220397	21.457407
-158.220104	21.462981
-158.222744	21.467088
-158.227145	21.470315
-158.231252	21.473248
-158.235065	21.477062
-158.237119	21.482049
-158.238292	21.487622
-158.238879	21.493783
-158.239172	21.500237
-158.238879	21.50581
-158.237999	21.511971
-158.237705	21.519011
-158.236532	21.525172
-158.236532	21.532212
-158.237412	21.538079
-158.239759	21.542773
-158.242399	21.547173
-158.245333	21.55128
-158.249733	21.554507
-158.253253	21.558027
-158.25736	21.561548
-158.262054	21.564775
-158.265574	21.568295
-158.269974	21.571522
-158.273495	21.575042
-158.273201	21.580616
-158.269388	21.583843
-158.264694	21.586776
-158.258534	21.587656
-158.252373	21.58883
-158.246506	21.590003
-158.238879	21.58971
-158.231252	21.589416
-158.225678	21.589123
-158.219517	21.59059
-158.213357	21.591763
-158.206316	21.592057
-158.200449	21.592937
-158.193702	21.593523
-158.186075	21.59323
-158.179328	21.59235
-158.172874	21.59147
-158.165834	21.59059
-158.159086	21.589416
-158.152633	21.588243
-158.145005	21.58795
-158.138258	21.587363
-158.130924	21.58707
-158.123004	21.586776
-158.118017	21.58707
-158.113323	21.58971
-158.10951	21.592937
-158.109216	21.59851
-158.10951	21.604964
-158.106869	21.609658
-158.103056	21.613178
-158.098655	21.615818
-158.093962	21.618458
-158.089855	21.621685
-158.086041	21.624912
-158.081348	21.627552
-158.076654	21.630193
-158.072254	21.632833
-158.06844	21.63606
-158.06404	21.63958
-158.062573	21.64486
-158.060813	21.650434
-158.057586	21.654834
-158.054359	21.658941
-158.050545	21.662168
-158.047318	21.665982
-158.042625	21.668915
-158.038518	21.672142
-158.035584	21.676249
-158.031771	21.679476
-158.027077	21.682116
-158.02297	21.685637
-158.018276	21.687983
-158.014463	21.691504
-158.009182	21.693264
-158.003022	21.691797
-157.996275	21.69209
-157.991581	21.694731
-157.989234	21.699424
-157.986007	21.703531
-157.98278	21.707638
-157.97662	21.708812
-157.97486	21.703825
-157.971926	21.699424
-157.967526	21.696784
nan nan
-157.889494	21.308383
-157.88568	21.310143
-157.8804	21.309556
-157.880106	21.303103
-157.8848	21.300169
-157.888907	21.303396
-157.887147	21.30897
-157.889494	21.308383
nan nan
-159.317836	22.183459
-159.31725	22.177005
-159.316076	22.171432
-159.314023	22.166445
-159.311969	22.161457
-159.309622	22.15647
-159.305222	22.153244
-159.300822	22.150603
-159.295835	22.148257
-159.292901	22.143856
-159.290848	22.138869
-159.289381	22.133295
-159.288794	22.126842
-159.290848	22.121268
-159.293194	22.115694
-159.295541	22.111001
-159.298182	22.106307
-159.301408	22.1022
-159.303755	22.097506
-159.306102	22.092519
-159.308742	22.087826
-159.311089	22.083132
-159.313729	22.078145
-159.316076	22.073451
-159.317836	22.067877
-159.32077	22.063477
-159.324583	22.06025
-159.32957	22.057903
-159.332797	22.053503
-159.332211	22.048516
-159.332211	22.042942
-159.333384	22.037075
-159.333677	22.030035
-159.332211	22.024168
-159.331624	22.018007
-159.333677	22.012433
-159.333971	22.005686
-159.333384	21.999232
-159.332797	21.992779
-159.331331	21.987205
-159.330157	21.981338
-159.328984	21.975764
-159.327517	21.97019
-159.32781	21.964617
-159.333091	21.965497
-159.338371	21.967844
-159.345118	21.967257
-159.349812	21.964617
-159.352159	21.95963
-159.349519	21.955523
-159.345412	21.952002
-159.346585	21.947015
-159.350985	21.944375
-159.355972	21.942028
-159.360666	21.939095
-159.36448	21.935868
-159.367413	21.931761
-159.370933	21.927361
-159.374747	21.924134
-159.378561	21.920907
-159.381788	21.9168
-159.384134	21.911813
-159.386775	21.907119
-159.388241	21.901545
-159.393522	21.899785
-159.399682	21.898612
-159.405843	21.897145
-159.412003	21.895972
-159.416697	21.893332
-159.421097	21.890691
-159.424911	21.887464
-159.429604	21.884824
-159.433711	21.881304
-159.438405	21.878957
-159.442219	21.875437
-159.446619	21.872797
-159.451313	21.869863
-159.454246	21.874557
-159.45718	21.878664
-159.460113	21.883064
-159.462167	21.884531
-159.473314	21.887464
-159.478594	21.890105
-159.485342	21.890691
-159.492675	21.890985
-159.497956	21.893332
-159.502356	21.896265
-159.508223	21.897732
-159.512917	21.895385
-159.517611	21.892451
-159.524358	21.892158
-159.531985	21.892451
-159.539025	21.891865
-159.546359	21.892158
-159.551346	21.894505
-159.555747	21.897145
-159.560147	21.900372
-159.567774	21.900665
-159.572175	21.903306
-159.577455	21.905946
-159.584202	21.906533
-159.587429	21.902426
-159.589189	21.896852
-159.591536	21.892158
-159.59623	21.893625
-159.59887	21.898025
-159.601803	21.902132
-159.604444	21.906533
-159.608257	21.910346
-159.611191	21.914453
-159.614711	21.917973
-159.618231	21.921787
-159.622045	21.925307
-159.626445	21.928241
-159.631725	21.930588
-159.636126	21.933521
-159.638766	21.937921
-159.6417	21.942322
-159.643166	21.947895
-159.646687	21.951416
-159.651967	21.953469
-159.658714	21.954349
-159.666048	21.954643
-159.673675	21.954936
-159.680422	21.955816
-159.68805	21.956109
-159.694797	21.955523
-159.70125	21.956696
-159.707411	21.958163
-159.711225	21.961683
-159.714745	21.965203
-159.718265	21.969017
-159.723545	21.971364
-159.728826	21.973711
-159.732639	21.974591
-159.738506	21.975764
-159.745254	21.976938
-159.752001	21.977818
-159.756401	21.980458
-159.758748	21.985445
-159.760508	21.990432
-159.761975	21.996006
-159.764028	22.000993
-159.767549	22.004806
-159.771949	22.00774
-159.775762	22.01126
-159.779869	22.014487
-159.783096	22.018594
-159.786617	22.022114
-159.78867	22.027101
-159.790137	22.032675
-159.79043	22.039129
-159.78955	22.045289
-159.78955	22.050863
-159.787497	22.056437
-159.78515	22.061424
-159.781923	22.065237
-159.778989	22.069344
-159.774882	22.072864
-159.771069	22.076385
-159.767255	22.079612
-159.763442	22.083132
-159.759335	22.086359
-159.754641	22.088999
-159.750827	22.092519
-159.747014	22.095746
-159.7432	22.099266
-159.74056	22.10396
-159.737626	22.108067
-159.736453	22.114521
-159.735573	22.120681
-159.7344	22.126842
-159.732639	22.132415
-159.730293	22.137109
-159.725012	22.139163
-159.721199	22.142389
-159.718558	22.147083
-159.716798	22.152657
-159.712105	22.15559
-159.706237	22.156764
-159.701544	22.159404
-159.69685	22.162044
-159.69157	22.163804
-159.685409	22.165271
-159.680129	22.167325
-159.674849	22.168791
-159.669568	22.171138
-159.664288	22.172898
-159.659301	22.175538
-159.654607	22.178472
-159.650794	22.181699
-159.64698	22.184926
-159.643166	22.188446
-159.638473	22.190793
-159.634366	22.194313
-159.630552	22.197833
-159.624392	22.199007
-159.618525	22.199887
-159.612951	22.20194
-159.60767	22.203994
-159.60239	22.205754
-159.597696	22.208688
-159.594763	22.212501
-159.591243	22.216608
-159.588309	22.220715
-159.585082	22.225115
-159.580388	22.227462
-159.572761	22.227169
-159.566894	22.225702
-159.5622	22.228342
-159.558387	22.231569
-159.55516	22.235969
-159.54988	22.236263
-159.546066	22.234209
-159.544306	22.229222
-159.541959	22.224235
-159.536972	22.221888
-159.531692	22.219835
-159.526411	22.217488
-159.520544	22.215141
-159.515264	22.212794
-159.508517	22.211914
-159.503236	22.212501
-159.498543	22.215141
-159.495316	22.219248
-159.492969	22.223942
-159.488275	22.225409
-159.482115	22.225115
-159.474781	22.224822
-159.46862	22.225995
-159.46246	22.227169
-159.455126	22.226876
-159.450139	22.224822
-159.443099	22.223942
-159.437818	22.224529
-159.432538	22.225995
-159.425497	22.226582
-159.419337	22.227756
-159.414937	22.230689
-159.410243	22.233036
-159.406429	22.236556
-159.401736	22.239196
-159.396455	22.23685
-159.392348	22.233916
-159.387655	22.230982
-159.383254	22.228049
-159.377094	22.226289
-159.37152	22.225115
-159.36448	22.223942
-159.357732	22.223062
-159.351572	22.221302
-159.347465	22.218662
-159.343945	22.214848
-159.341598	22.209861
-159.339838	22.204874
-159.335144	22.20194
-159.327517	22.201647
-159.32341	22.199007
-159.319303	22.195193
-159.317543	22.190206
-159.317836	22.183459
nan nan
-160.057089	22.0095
-160.053276	22.007153
-160.048875	22.004513
-160.046235	22.000113
-160.045649	21.993952
-160.049462	21.990139
-160.053276	21.986912
-160.057969	21.984565
-160.062076	21.981045
-160.06501	21.976938
-160.067943	21.972831
-160.071464	21.968724
-160.074397	21.964323
-160.076157	21.959043
-160.076451	21.952002
-160.078211	21.946429
-160.079971	21.940855
-160.079971	21.933814
-160.078798	21.928241
-160.076744	21.923254
-160.073811	21.919147
-160.07117	21.914746
-160.07117	21.909173
-160.075864	21.906533
-160.081144	21.904772
-160.084958	21.901252
-160.088772	21.897732
-160.093465	21.895385
-160.099626	21.893918
-160.104906	21.891865
-160.109306	21.889518
-160.11488	21.887464
-160.121041	21.885998
-160.126908	21.885118
-160.133948	21.884531
-160.139815	21.885998
-160.145976	21.887464
-160.149789	21.884238
-160.152136	21.879544
-160.153896	21.87397
-160.156243	21.869277
-160.15947	21.864876
-160.162404	21.860769
-160.165924	21.856662
-160.169737	21.853435
-160.172671	21.849035
-160.175898	21.845221
-160.179125	21.841114
-160.182352	21.837008
-160.183818	21.831434
-160.184698	21.825273
-160.184405	21.81882
-160.184698	21.812072
-160.187045	21.807085
-160.190272	21.802978
-160.192619	21.797991
-160.195846	21.793884
-160.198193	21.789191
-160.19966	21.783617
-160.204353	21.783617
-160.208167	21.787137
-160.210807	21.791538
-160.214327	21.795351
-160.219021	21.797991
-160.225475	21.799165
-160.231635	21.800632
-160.236036	21.803565
-160.240436	21.806499
-160.245129	21.809432
-160.24777	21.813539
-160.247476	21.82058
-160.247183	21.827914
-160.247183	21.834661
-160.248356	21.840234
-160.247476	21.846395
-160.244543	21.850502
-160.241903	21.855489
-160.238676	21.859596
-160.235449	21.863703
-160.233102	21.86869
-160.230755	21.873383
-160.228995	21.878957
-160.228995	21.885704
-160.227235	21.891278
-160.222541	21.894212
-160.218728	21.897439
-160.215501	21.901545
-160.211687	21.905066
-160.207873	21.908293
-160.203767	21.911813
-160.20054	21.91592
-160.197606	21.920027
-160.193499	21.923254
-160.189686	21.926774
-160.185872	21.930001
-160.182645	21.934108
-160.177365	21.936161
-160.169737	21.935868
-160.16387	21.934401
-160.15771	21.935575
-160.155363	21.940268
-160.15595	21.946722
-160.155656	21.952296
-160.150376	21.954056
-160.143629	21.954643
-160.138935	21.957576
-160.134242	21.959923
-160.129841	21.962857
-160.126321	21.96667
-160.122507	21.97019
-160.119574	21.974297
-160.116934	21.979284
-160.114587	21.983978
-160.112827	21.989552
-160.11048	21.994539
-160.108133	21.999232
-160.104026	22.002459
-160.099332	22.005393
-160.094932	22.00774
-160.091705	22.011847
-160.088478	22.016247
-160.083785	22.018594
-160.081144	22.017127
-160.078798	22.01214
-160.076157	22.008033
-160.070877	22.00862
-160.067063	22.011847
-160.06149	22.0139
-160.057089	22.0095
nan nan
-160.092292	22.038542
-160.085545	22.037369
-160.085838	22.033262
-160.091705	22.035022
-160.092292	22.038542
nan nan
-160.533497	21.64134
-160.535257	21.637233
-160.537897	21.632246
-160.541417	21.635766
-160.541124	21.64134
-160.538777	21.64486
-160.53555	21.649261
-160.531737	21.651021
-160.527923	21.648967
-160.530563	21.64398
-160.533497	21.64134
nan nan
-161.937784	23.042694
-161.941598	23.039467
-161.947758	23.038
-161.950105	23.041521
-161.948345	23.047094
-161.943065	23.049148
-161.938371	23.046508
-161.937784	23.042694
nan nan
-164.696782	23.578066
-164.697076	23.571025
-164.696196	23.564865
-164.700889	23.561931
-164.70617	23.564278
-164.707636	23.569852
-164.707636	23.576599
-164.702649	23.579533
-164.697369	23.578653
-164.696782	23.578066
